[app/ui]
version = 7.1.0
modtime = 1533040137.062261000

[app/launcher]
version = 7.1.0
modtime = 1533040137.065791000
